-2.741504907608032227e+00 4.855910301208496094e+00
-2.127716541290283203e-01 -1.388272285461425781e+01
-4.969474792480468750e+00 -3.577921092510223389e-01
8.516132831573486328e-01 -1.570762753486633301e+00
-1.243571662902832031e+01 4.453455448150634766e+00
-3.789526224136352539e-01 6.313287258148193359e+00
2.882581710815429688e+00 -3.436016321182250977e+00
9.165663719177246094e+00 1.125485038757324219e+01
8.101570129394531250e+00 -2.105684578418731689e-02
1.360441780090332031e+01 -5.558181285858154297e+00
-2.521622419357299805e+00 -8.315312385559082031e+00
-4.110490083694458008e-01 -1.153282761573791504e+00
-4.159350395202636719e+00 5.249739170074462891e+00
2.785264968872070312e+00 -7.853174805641174316e-01
1.800764918327331543e+00 -9.709399223327636719e+00
-1.097980594635009766e+01 -1.929635286331176758e+00
5.346498966217041016e+00 -8.820812225341796875e+00
3.429487645626068115e-01 -7.151700019836425781e+00
-2.473749637603759766e+00 1.128646755218505859e+01
-2.813274145126342773e+00 1.734393090009689331e-01
-2.014799356460571289e+00 -1.130467772483825684e+00
-7.296443462371826172e+00 2.020156383514404297e+00
-7.241404533386230469e+00 8.616340637207031250e+00
5.386327266693115234e+00 1.385178804397583008e+00
4.425343990325927734e+00 -2.007947683334350586e+00
5.679283142089843750e+00 -6.826102256774902344e+00
-1.806884169578552246e+00 3.342118978500366211e+00
2.180538892745971680e+00 8.318113327026367188e+00
-3.223072767257690430e+00 -9.737770557403564453e-01
1.059274387359619141e+01 -7.501943588256835938e+00
5.655055999755859375e+00 -1.277396392822265625e+01
-1.422819614410400391e+00 -4.148528099060058594e+00
7.872859835624694824e-01 7.181203842163085938e+00
-7.589068412780761719e+00 -1.555301308631896973e+00
8.232314586639404297e-01 3.273052692413330078e+00
-4.055493831634521484e+00 6.706863403320312500e+00
-4.156936168670654297e+00 -5.439377784729003906e+00
1.720910906791687012e+00 4.725355505943298340e-01
7.291427850723266602e-01 1.495285630226135254e+00
7.326080799102783203e+00 -1.418254375457763672e+01
5.475475788116455078e-01 -3.276371717453002930e+00
-1.059550285339355469e+01 -5.933430671691894531e+00
1.939911395311355591e-01 9.308828413486480713e-02
8.980267524719238281e+00 2.686968088150024414e+00
-4.451406002044677734e+00 2.070559978485107422e+00
3.041602134704589844e+00 4.088990688323974609e+00
-1.015279483795166016e+01 5.060770034790039062e+00
6.406636238098144531e+00 1.721858859062194824e+00
5.911125183105468750e+00 -3.592834234237670898e+00
-1.083188819885253906e+01 4.888469696044921875e+00
1.165605926513671875e+01 -2.414932012557983398e+00
5.533112049102783203e+00 5.582603931427001953e+00
9.835515975952148438e+00 4.360694408416748047e+00
-8.996286392211914062e-01 -2.465482950210571289e+00
4.059607028961181641e+00 2.024507224559783936e-01
1.118492984771728516e+01 1.426358461380004883e+00
-5.747963905334472656e+00 -7.961238861083984375e+00
-1.116418266296386719e+01 -6.980194568634033203e+00
-9.360417366027832031e+00 -3.590756654739379883e+00
-1.298644423484802246e+00 4.941668212413787842e-01
2.759925603866577148e+00 1.110267353057861328e+01
7.087775230407714844e+00 -7.497211456298828125e+00
4.797563076019287109e+00 -6.748923778533935547e+00
-1.012719422578811646e-01 9.189432144165039062e+00
5.556431293487548828e+00 4.072761058807373047e+00
3.405803918838500977e+00 8.666429519653320312e+00
7.092293739318847656e+00 7.489597797393798828e+00
8.096136093139648438e+00 -5.787014961242675781e+00
1.094093322753906250e+01 7.368107318878173828e+00
-5.596165657043457031e+00 -3.422972679138183594e+00
-3.150424957275390625e+00 -2.655620813369750977e+00
6.227223396301269531e+00 -1.324465423822402954e-01
3.041280746459960938e+00 9.350306987762451172e-01
-1.243226647377014160e+00 -6.606022357940673828e+00
3.649749755859375000e+00 2.141991138458251953e+00
