7.269464019194801230e-01 7.632578262265968597e-03 6.693619995843645698e-02 3.599025145944720339e-02 2.924562165838544628e-02 4.056224140862632610e-02 4.471859590788006961e-02 2.644952863161474307e-02 1.558632937220154509e-02 5.932251421662163883e-03
1.250000000000000000e-01 4.177835051546391898e-01 9.304123711340206437e-02 8.685567010309278024e-02 2.525773195876288707e-02 1.167525773195876304e-01 8.865979381443299390e-02 1.005154639175257804e-02 3.144329896907216426e-02 5.154639175257731860e-03
3.593366093366093250e-02 4.777504777504777700e-03 8.450723450723450769e-01 2.027027027027027140e-02 9.657384657384656887e-03 2.108927108927109023e-02 2.064564564564564525e-02 2.764127764127764005e-03 3.914141414141414366e-02 6.483756483756483897e-04
1.202220348510399106e-01 2.107925801011804531e-02 8.340359752670038762e-02 4.082349634626194490e-01 1.131956155143338943e-01 6.267566048341764728e-02 1.308319280494660009e-01 3.021360314783586368e-02 2.613827993254637383e-02 4.005059021922428332e-03
1.783793922721020331e-01 9.816181067900463242e-03 8.415655870951606332e-02 1.186695010628985858e-01 3.905214455420782937e-01 2.313367512817306529e-02 9.378516943853945631e-02 9.159684881830686132e-02 8.315618356883831830e-03 1.625609603601350407e-03
8.792658130461064592e-02 1.214485904269934670e-02 8.083750068692641122e-02 5.017310545694345092e-02 1.060614386986865991e-02 5.820739682365224654e-01 6.259273506621970684e-02 2.857613892399846027e-03 9.776336758806396243e-02 1.302412485574545170e-02
1.664986801055915455e-01 1.511879049676025967e-02 9.892008639308855211e-02 1.140868730501559819e-01 6.969042476601872149e-02 7.074634029277657166e-02 4.147828173746100355e-01 2.870170386369090554e-02 1.583873290136789125e-02 5.615550755939524921e-03
1.835701223800815796e-01 5.345336896891264393e-03 6.006470670980447457e-02 6.850471233647488500e-02 1.263187508791672464e-01 1.814601209734139839e-02 5.711070474046982953e-02 4.743283162188774993e-01 4.923336615557744045e-03 1.688001125334083561e-03
2.421105359826348363e-02 5.120498692046529694e-03 1.159347692992708789e-01 1.831134858351422118e-02 4.396949963822563250e-03 5.604719764011799332e-02 1.424834418656425669e-02 1.280124673011632424e-03 7.556075026437357733e-01 4.842210719652696380e-03
1.505460218408736228e-01 1.092043681747269929e-02 3.042121684867394801e-02 2.652106084243369827e-02 5.460218408736349643e-03 1.747269890795631886e-01 5.304212168486739654e-02 7.020280811232449542e-03 1.099843993759750393e-01 4.313572542901716322e-01
