3.847800000000000000e+04 4.040000000000000000e+02 3.543000000000000000e+03 1.905000000000000000e+03 1.548000000000000000e+03 2.147000000000000000e+03 2.367000000000000000e+03 1.400000000000000000e+03 8.250000000000000000e+02 3.140000000000000000e+02
4.850000000000000000e+02 1.621000000000000000e+03 3.610000000000000000e+02 3.370000000000000000e+02 9.800000000000000000e+01 4.530000000000000000e+02 3.440000000000000000e+02 3.900000000000000000e+01 1.220000000000000000e+02 2.000000000000000000e+01
1.053000000000000000e+03 1.400000000000000000e+02 2.476400000000000000e+04 5.940000000000000000e+02 2.830000000000000000e+02 6.180000000000000000e+02 6.050000000000000000e+02 8.100000000000000000e+01 1.147000000000000000e+03 1.900000000000000000e+01
1.711000000000000000e+03 3.000000000000000000e+02 1.187000000000000000e+03 5.810000000000000000e+03 1.611000000000000000e+03 8.920000000000000000e+02 1.862000000000000000e+03 4.300000000000000000e+02 3.720000000000000000e+02 5.700000000000000000e+01
2.853000000000000000e+03 1.570000000000000000e+02 1.346000000000000000e+03 1.898000000000000000e+03 6.246000000000000000e+03 3.700000000000000000e+02 1.500000000000000000e+03 1.465000000000000000e+03 1.330000000000000000e+02 2.600000000000000000e+01
1.600000000000000000e+03 2.210000000000000000e+02 1.471000000000000000e+03 9.130000000000000000e+02 1.930000000000000000e+02 1.059200000000000000e+04 1.139000000000000000e+03 5.200000000000000000e+01 1.779000000000000000e+03 2.370000000000000000e+02
3.469000000000000000e+03 3.150000000000000000e+02 2.061000000000000000e+03 2.377000000000000000e+03 1.452000000000000000e+03 1.474000000000000000e+03 8.642000000000000000e+03 5.980000000000000000e+02 3.300000000000000000e+02 1.170000000000000000e+02
1.305000000000000000e+03 3.800000000000000000e+01 4.270000000000000000e+02 4.870000000000000000e+02 8.980000000000000000e+02 1.290000000000000000e+02 4.060000000000000000e+02 3.372000000000000000e+03 3.500000000000000000e+01 1.200000000000000000e+01
4.350000000000000000e+02 9.200000000000000000e+01 2.083000000000000000e+03 3.290000000000000000e+02 7.900000000000000000e+01 1.007000000000000000e+03 2.560000000000000000e+02 2.300000000000000000e+01 1.357600000000000000e+04 8.700000000000000000e+01
1.930000000000000000e+02 1.400000000000000000e+01 3.900000000000000000e+01 3.400000000000000000e+01 7.000000000000000000e+00 2.240000000000000000e+02 6.800000000000000000e+01 9.000000000000000000e+00 1.410000000000000000e+02 5.530000000000000000e+02
