-1.933013498783111572e-01 3.423864245414733887e-01
-1.500236149877309799e-02 -9.788598418235778809e-01
-3.503937423229217529e-01 -2.522763982415199280e-02
6.004658341407775879e-02 -1.107532456517219543e-01
-8.768326044082641602e-01 3.140096366405487061e-01
-2.671965211629867554e-02 4.451449215412139893e-01
2.032485753297805786e-01 -2.422708123922348022e-01
6.462637186050415039e-01 7.935706377029418945e-01
5.712353587150573730e-01 -1.484701642766594887e-03
9.592368006706237793e-01 -3.919029831886291504e-01
-1.777976155281066895e-01 -5.863061547279357910e-01
-2.898274175822734833e-02 -8.131705969572067261e-02
-2.932725250720977783e-01 3.701549768447875977e-01
1.963868439197540283e-01 -5.537211894989013672e-02
1.269705146551132202e-01 -6.846020817756652832e-01
-7.741774916648864746e-01 -1.360570639371871948e-01
3.769774436950683594e-01 -6.219485402107238770e-01
2.418104745447635651e-02 -5.042607188224792480e-01
-1.744221448898315430e-01 7.957999706268310547e-01
-1.983617395162582397e-01 1.222906913608312607e-02
-1.420619189739227295e-01 -7.970838993787765503e-02
-5.144664645195007324e-01 1.424396336078643799e-01
-5.105857253074645996e-01 6.075313687324523926e-01
3.797856867313385010e-01 9.766786545515060425e-02
3.120275139808654785e-01 -1.415788084268569946e-01
4.004417955875396729e-01 -4.813030958175659180e-01
-1.274019777774810791e-01 2.356501817703247070e-01
1.537480801343917847e-01 5.865036249160766602e-01
-2.272563278675079346e-01 -6.866025179624557495e-02
7.468860149383544922e-01 -5.289561152458190918e-01
3.987335562705993652e-01 -9.006821513175964355e-01
-1.003218889236450195e-01 -2.925094664096832275e-01
5.551091581583023071e-02 5.063410401344299316e-01
-5.350992679595947266e-01 -1.096630692481994629e-01
5.804540216922760010e-02 2.307803630828857422e-01
-2.859496772289276123e-01 4.728956520557403564e-01
-2.931022942066192627e-01 -3.835262358188629150e-01
1.213400736451148987e-01 3.331810981035232544e-02
5.141128227114677429e-02 1.054314151406288147e-01
5.165562033653259277e-01 -1.000000000000000000e+00
3.860715031623840332e-02 -2.310143858194351196e-01
-7.470805644989013672e-01 -4.183615148067474365e-01
1.367816235870122910e-02 6.563581526279449463e-03
6.331915855407714844e-01 1.894560009241104126e-01
-3.138651251792907715e-01 1.459935605525970459e-01
2.144609689712524414e-01 2.883115112781524658e-01
-7.158655524253845215e-01 3.568309247493743896e-01
4.517268836498260498e-01 1.214069128036499023e-01
4.167887866497039795e-01 -2.533279061317443848e-01
-7.637479305267333984e-01 3.446821570396423340e-01
8.218595385551452637e-01 -1.702749580144882202e-01
3.901353776454925537e-01 3.936250209808349609e-01
6.934944987297058105e-01 3.074691295623779297e-01
-6.343210488557815552e-02 -1.738392561674118042e-01
2.862396836280822754e-01 1.427464094012975693e-02
7.886406183242797852e-01 1.005714163184165955e-01
-4.052844047546386719e-01 -5.613406896591186523e-01
-7.871777415275573730e-01 -4.921680390834808350e-01
-6.599956750869750977e-01 -2.531814277172088623e-01
-9.156639873981475830e-02 3.484331443905830383e-02
1.946001797914505005e-01 7.828407883644104004e-01
4.997534453868865967e-01 -5.286225080490112305e-01
3.382723927497863770e-01 -4.758613109588623047e-01
-7.140604779124259949e-03 6.479396224021911621e-01
3.917796015739440918e-01 2.871671915054321289e-01
2.401405572891235352e-01 6.110631227493286133e-01
5.000720620155334473e-01 5.280856490135192871e-01
5.708521604537963867e-01 -4.080378711223602295e-01
7.714365720748901367e-01 5.195194482803344727e-01
-3.945812284946441650e-01 -2.413511127233505249e-01
-2.221339792013168335e-01 -1.872457265853881836e-01
4.390766322612762451e-01 -9.338701143860816956e-03
2.144383192062377930e-01 6.592828035354614258e-02
-8.765893429517745972e-02 -4.657854437828063965e-01
2.573409974575042725e-01 1.510301083326339722e-01
